1.30
1.57
1.99
2.27
2.55
2.61
2.62
2.62
2.57
2.57
2.58
2.55
2.53
2.54
2.56
2.56
2.51
2.50
2.43
2.26
2.16
1.97
1.89
1.71
1.95
1.95
2.07
1.96
1.83
1.92
1.73
2.06
2.22
2.23
2.46
2.49
2.53
2.48
2.42
2.34
2.32
1.99
1.53
1.34
0.81
0.79
0.35
0.32
0.13
0.23
0.09
0.23
0.30
0.56
0.73
0.86
0.62
0.44
0.59
0.49
0.23
0.25
0.18
0.44
0.55
0.76
0.88
0.68
1.07
1.32
1.39
1.25
0.90
0.42
-0.32
-1.18
-2.12
-3.47
-4.69
-5.74
-7.44
-8.33
-8.32
-6.69
-3.75
-2.15
-1.74
-1.62
-1.11
-0.93
-1.13
-1.36
-1.70
-1.79
-1.96
-1.31
-0.05
0.68
1.23
1.57
1.82
2.00
2.34
2.59
2.66
2.63
2.61
2.62
2.64
2.65
2.66
2.65
2.66
2.65
2.65
2.66
2.66
2.65
2.61
2.56
2.48
2.32
2.40
2.26
2.33
2.39
2.34
2.29
2.27
2.40
2.15
2.24
2.40
2.32
2.51
2.57
2.59
2.61
2.55
2.46
2.36
2.36
2.16
1.82
1.55
1.27
1.03
0.68
0.43
0.30
0.32
0.15
0.25
0.60
0.83
0.77
0.74
0.41
0.49
0.20
0.29
0.13
-0.06
-0.05
0.09
0.03
0.46
0.66
0.83
1.01
1.24
1.48
1.51
1.26
0.83
-0.23
-1.02
-1.88
-2.77
-4.17
-5.25
-6.56
-8.36
-8.82
-8.22
-5.52
-3.06
-1.65
-1.97
-1.61
-1.30
-1.42
-1.71
-1.74
-1.73
-1.81
-0.59
0.20
0.86
1.19
9999.00
1.20
1.62
1.93
2.22
2.52
2.61
2.64
2.63
2.63
2.63
2.61
2.60
2.57
2.54
2.51
2.52
2.51
2.48
2.36
2.21
1.99
1.82
1.69
1.63
1.65
1.82
1.88
1.91
1.85
1.91
1.98
1.74
2.04
2.05
2.19
2.43
2.44
2.26
2.19
2.14
1.90
1.73
1.14
0.92
0.45
0.35
-0.03
-0.40
-0.27
-0.34
-0.36
-0.29
-0.33
0.22
0.27
0.20
0.10
0.21
-0.17
-0.19
-0.23
-0.18
-0.29
-0.26
-0.02
0.00
0.25
0.30
0.53
0.98
1.18
1.00
0.58
-0.15
-1.35
-2.40
-3.55
-5.06
-6.22
-7.69
-9.10
-10.44
-9.66
-6.11
-3.73
-2.81
-2.15
-2.06
-1.73
-2.12
-1.77
-1.76
-1.79
-1.95
-1.70
-1.41
-0.88
0.79
1.19
1.44
1.64
1.90
2.26
2.55
2.65
2.64
2.63
2.64
2.65
2.65
2.65
2.64
2.62
2.64
2.65
2.65
2.65
2.62
2.55
2.39
2.32
2.20
2.21
2.03
2.29
2.24
2.25
2.19
2.24
2.28
2.25
2.32
2.37
2.53
2.54
2.62
2.61
2.53
2.45
2.38
2.26
2.02
1.70
1.39
0.91
0.74
0.38
0.11
-0.05
-0.26
-0.27
-0.32
-0.07
0.18
0.31
0.38
0.21
0.29
-0.13
-0.15
-0.33
-0.31
-0.36
-0.27
-0.27
0.23
0.25
0.46
0.81
1.06
1.25
1.27
1.25
0.92
0.11
-1.03
-2.07
-2.98
-4.33
-5.78
-7.16
-8.63
-9.72
-9.71
-6.87
-4.12
-2.64
-2.27
-1.83
-1.69
-1.70
-1.72
-1.86
-1.73
-1.73
-1.74
-1.37
0.47
1.15
1.24
9999.00
1.59
1.67
1.98
2.36
2.53
2.62
2.65
2.64
2.65
2.64
2.63
2.62
2.60
2.60
2.60
2.60
2.60
2.62
2.61
2.57
2.47
2.19
2.13
2.09
1.98
2.07
1.95
2.00
2.08
2.00
2.20
2.25
2.12
2.15
2.26
2.42
2.46
2.44
2.34
2.20
2.14
1.98
1.69
1.28
0.95
0.61
0.31
0.35
-0.32
-0.24
-0.31
-0.25
0.28
0.32
0.29
0.56
0.50
0.25
0.33
0.25
-0.02
-0.17
-0.19
-0.33
-0.22
-0.21
0.29
0.29
0.53
0.62
0.86
1.23
0.91
0.36
-0.33
-1.56
-2.51
-3.44
-5.21
-6.38
-8.44
-8.86
-10.53
-8.85
-5.42
-3.26
-2.50
-1.96
-1.72
-1.82
-1.77
-1.73
-1.69
-1.68
-1.76
-1.43
-0.28
0.50
1.20
1.39
1.60
1.87
2.27
2.51
2.65
2.64
2.63
2.64
2.64
2.66
2.65
2.65
2.65
2.65
2.65
2.66
2.66
2.65
2.62
2.55
2.46
2.41
2.36
2.29
2.17
2.33
2.19
2.36
2.20
2.27
2.20
2.12
2.23
2.30
2.50
2.54
2.49
2.35
2.19
2.16
2.15
2.15
1.81
1.65
1.23
0.86
0.65
0.28
0.06
-0.45
-0.27
-0.11
-0.07
0.32
0.34
0.30
0.29
0.33
0.27
0.10
0.32
0.12
-0.12
-0.16
-0.25
0.04
0.28
0.51
0.66
0.88
1.19
1.26
1.24
1.20
0.40
-0.46
-1.15
-2.31
-3.18
-4.73
-6.08
-7.23
-8.66
-8.95
-7.38
-5.34
-3.22
-2.65
-1.77
-1.75
-1.81
-1.76
-1.69
-1.78
-1.84
-1.72
-0.92
0.55
1.25
1.26
9999.00
1.40
1.70
1.90
2.23
2.48
2.59
2.60
2.61
2.58
2.57
2.58
2.56
2.55
2.51
2.52
2.56
2.56
2.58
2.52
2.39
2.27
2.06
1.92
1.76
1.94
1.96
1.84
2.08
2.03
2.13
2.05
1.84
2.12
1.96
2.30
2.43
2.39
2.40
2.26
2.24
2.18
1.86
1.51
1.18
0.75
0.38
0.11
-0.20
-0.34
-0.47
-0.39
-0.33
-0.14
0.32
0.32
0.21
0.41
0.32
0.21
-0.11
-0.19
-0.27
-0.30
-0.60
-0.69
-0.29
-0.04
0.32
0.32
0.50
0.85
0.80
0.79
0.26
-0.72
-1.79
-2.98
-4.01
-5.73
-7.00
-8.71
-9.79
-10.20
-8.85
-5.21
-3.13
-2.82
-1.99
-1.87
-1.88
-1.77
-1.77
-2.01
-2.36
-1.77
-1.68
-0.71
0.58
1.08
1.26
1.64
1.91
2.21
2.52
2.65
2.65
2.64
2.65
2.66
2.65
2.65
2.64
2.64
2.65
2.65
2.65
2.65
2.63
2.55
2.45
2.34
2.36
2.13
2.18
2.27
2.11
2.24
2.35
2.24
2.39
2.23
2.37
2.41
2.51
2.52
2.57
2.58
2.47
2.44
2.39
2.27
1.98
1.64
1.24
0.86
0.86
0.36
0.14
-0.23
-0.26
-0.28
-0.28
-0.14
0.22
0.36
0.18
0.31
0.33
0.31
-0.09
0.25
-0.00
-0.04
-0.12
-0.02
0.24
0.29
0.42
0.71
0.67
1.05
1.20
1.27
0.82
0.13
-0.35
-1.89
-2.49
-4.29
-5.39
-6.43
-7.62
-8.86
-8.75
-7.53
-4.07
-2.89
-2.61
-1.65
-1.71
-1.95
-1.82
-1.77
-1.73
-1.83
-1.67
-0.65
0.49
1.01
1.27
9999.00
1.27
1.57
1.66
2.13
2.44
2.58
2.62
2.62
2.58
2.56
2.56
2.56
2.54
2.50
2.49
2.49
2.51
2.52
2.51
2.50
2.31
2.11
1.87
2.01
1.58
1.86
1.86
1.94
1.73
1.78
1.95
2.05
1.86
2.01
2.27
2.38
2.51
2.41
2.14
2.17
2.14
1.89
1.66
1.12
0.83
0.25
-0.30
-0.21
-0.47
-0.61
-0.21
-0.26
-0.25
-0.08
0.37
0.27
0.28
0.24
-0.10
-0.20
-0.25
-0.50
-0.59
-0.86
-0.99
-0.44
-0.26
0.03
0.01
0.42
0.70
0.80
0.70
0.20
-0.70
-1.87
-2.91
-4.01
-5.65
-7.09
-8.97
-9.41
-10.37
-8.30
-4.89
-3.71
-2.88
-2.75
-2.25
-1.69
-1.80
-1.76
-2.12
-2.27
-1.71
-1.72
-0.80
0.35
0.78
1.22
1.47
1.66
1.88
2.36
2.61
2.66
2.65
2.66
2.65
2.64
2.63
2.61
2.63
2.62
2.62
2.64
2.63
2.63
2.58
2.45
2.28
2.18
2.09
2.23
2.16
2.20
2.04
2.14
2.26
2.02
2.30
1.98
2.20
2.33
2.51
2.57
2.51
2.47
2.38
2.28
2.08
1.75
1.40
0.95
0.90
0.34
0.07
-0.26
-0.24
-0.30
-0.27
-0.33
-0.40
-0.12
-0.13
0.34
0.25
0.11
0.08
-0.08
-0.28
-0.22
-0.09
-0.45
-0.42
-0.46
0.21
0.33
0.31
0.66
1.08
1.00
1.21
0.78
0.23
-0.86
-1.63
-2.87
-4.57
-5.07
-7.12
-8.44
-10.16
-10.44
-7.18
-4.55
-3.04
-2.42
-1.99
-1.69
-1.81
-1.79
-1.85
-1.80
-1.88
-1.85
-0.60
0.07
0.92
1.22
9999.00
1.23
1.63
1.95
2.11
2.37
2.56
2.59
2.58
2.52
2.52
2.49
2.50
2.50
2.49
2.49
2.43
2.44
2.47
2.42
2.42
2.18
2.03
1.95
1.84
1.96
1.67
1.81
1.63
1.70
1.80
1.77
1.74
1.89
2.10
2.32
2.38
2.43
2.48
2.48
2.27
2.12
2.08
1.80
1.24
0.85
0.62
0.12
-0.30
-0.29
-0.31
-0.28
-0.29
-0.37
-0.20
0.28
0.28
0.33
0.18
-0.01
-0.29
-0.48
-0.53
-0.26
-0.87
-0.58
-0.71
-0.51
-0.40
-0.08
0.06
0.46
0.71
0.71
0.14
-0.32
-1.33
-2.16
-3.87
-4.87
-6.21
-8.25
-8.80
-9.93
-8.85
-5.47
-3.84
-2.83
-2.43
-2.18
-1.99
-1.80
-2.44
-1.68
-1.69
-1.79
-1.64
-0.66
0.05
0.82
1.13
1.24
1.55
1.92
2.39
2.58
2.65
2.65
2.65
2.65
2.63
2.62
2.61
2.56
2.61
2.62
2.63
2.64
2.64
2.57
2.44
2.45
2.38
2.09
2.04
2.13
2.08
2.11
2.19
2.12
2.06
2.10
2.18
2.02
2.36
2.49
2.52
2.52
2.47
2.30
2.16
2.11
1.80
1.41
1.03
0.79
0.39
-0.39
-0.35
-0.41
-0.33
-0.31
-0.25
-0.29
-0.19
0.00
0.24
0.27
0.21
0.32
0.03
-0.21
-0.16
-0.32
-0.34
-0.25
-0.37
0.03
0.21
0.31
0.54
0.53
1.14
1.01
0.68
0.37
-0.39
-1.72
-2.61
-3.88
-5.05
-6.27
-7.71
-9.11
-8.80
-7.71
-4.30
-2.64
-2.14
-1.78
-1.66
-1.69
-1.64
-1.79
-1.74
-1.92
-1.09
-0.71
0.42
0.82
1.26
9999.00
1.08
1.57
1.79
2.08
2.39
2.47
2.56
2.57
2.52
2.48
2.43
2.50
2.47
2.44
2.49
2.42
2.42
2.43
2.35
2.40
2.14
2.07
2.05
1.74
1.74
1.81
1.63
1.69
1.83
1.86
1.70
2.00
2.02
2.11
2.35
2.36
2.49
2.42
2.34
2.19
2.15
1.93
1.50
0.99
0.79
0.20
-0.28
-0.22
-0.62
-0.81
-0.33
-0.29
-0.32
-0.21
0.34
0.33
0.20
0.17
0.05
-0.25
-0.31
-0.34
-0.44
-0.95
-1.00
-0.78
-0.44
-0.32
-0.29
0.08
0.64
0.98
0.73
0.16
-1.06
-1.84
-3.05
-4.48
-6.33
-7.18
-8.95
-10.26
-10.10
-7.64
-4.79
-3.18
-2.82
-2.74
-2.45
-2.47
-2.47
-2.49
-2.47
-2.24
-1.77
-1.57
-0.90
0.32
0.61
0.87
1.27
1.61
1.86
2.20
2.55
2.63
2.64
2.62
2.57
2.59
2.58
2.50
2.53
2.52
2.53
2.57
2.60
2.55
2.46
2.30
2.20
2.10
2.06
2.11
1.99
1.99
2.08
2.11
2.13
2.17
2.14
2.21
2.24
2.25
2.37
2.44
2.27
2.12
2.01
2.03
1.71
1.31
0.99
0.34
0.11
-0.29
-0.30
-0.92
-0.99
-0.99
-0.88
-0.26
-0.33
-0.32
-0.32
-0.49
-0.13
-0.42
-0.41
-0.25
-0.34
-0.33
-0.46
-0.39
-0.38
-0.27
0.05
0.01
0.19
0.35
0.72
0.75
0.82
0.57
-0.69
-1.34
-2.16
-3.71
-4.66
-6.12
-7.38
-8.79
-9.09
-7.98
-4.79
-3.52
-2.25
-2.04
-1.59
-1.81
-1.85
-1.68
-1.90
-1.67
-1.68
-1.62
-0.59
0.37
0.76
1.20
9999.00
1.25
1.62
1.87
2.01
2.40
2.51
2.60
2.58
2.58
2.58
2.58
2.58
2.58
2.52
2.58
2.55
2.55
2.57
2.59
2.59
2.52
2.39
2.17
2.01
2.09
2.20
2.13
2.02
2.06
2.24
2.25
2.40
2.25
2.39
2.49
2.52
2.52
2.51
2.45
2.39
2.18
2.07
1.61
1.16
0.67
0.27
-0.25
-0.33
-0.26
-0.44
-0.25
-0.36
-0.35
0.00
0.27
0.28
0.31
0.29
0.19
0.04
-0.20
-0.26
-0.51
-0.70
-0.74
-0.63
-0.38
0.14
0.08
0.05
0.61
0.97
0.73
0.42
-0.37
-1.40
-2.70
-3.79
-5.57
-7.30
-8.53
-10.34
-10.47
-8.69
-5.37
-3.89
-2.70
-2.69
-2.11
-2.31
-2.11
-2.26
-2.83
-2.33
-1.76
-1.66
-0.42
0.11
0.85
0.88
1.28
1.57
1.86
2.27
2.54
2.63
2.63
2.62
2.57
2.53
2.52
2.50
2.50
2.50
2.54
2.44
2.56
2.53
2.46
2.33
2.18
2.24
2.19
2.12
2.08
2.19
2.13
2.21
2.02
2.21
2.17
2.19
2.27
2.32
2.42
2.41
2.43
2.28
2.19
2.03
1.89
1.27
0.95
0.46
0.05
-0.26
-0.47
-0.95
-0.94
-0.90
-0.62
-0.41
-0.23
-0.29
-0.28
-0.13
-0.26
-0.29
-0.15
-0.32
-0.31
-0.34
-0.21
-0.18
-0.21
-0.28
-0.15
0.07
0.14
0.31
0.51
0.84
0.68
0.63
-0.20
-0.96
-2.14
-3.06
-4.58
-5.71
-6.60
-8.47
-8.62
-8.44
-5.78
-3.34
-2.60
-2.01
-1.81
-1.64
-1.44
-1.72
-1.79
-1.72
-1.82
-1.80
-0.63
0.38
1.11
1.20
9999.00
1.56
1.60
1.85
2.05
2.39
2.46
2.53
2.56
2.54
2.53
2.57
2.56
2.55
2.56
2.57
2.57
2.54
2.56
2.60
2.61
2.53
2.52
2.42
2.33
2.32
2.30
2.34
2.37
2.42
2.43
2.45
2.49
2.44
2.44
2.59
2.57
2.59
2.57
2.48
2.25
2.22
2.10
1.63
1.23
0.57
0.29
-0.29
-0.29
-0.93
-0.78
-0.55
-0.29
-0.30
0.09
0.25
0.31
0.39
0.35
0.34
0.35
-0.19
-0.21
-0.44
-0.52
-0.96
-0.64
-0.10
0.04
0.24
0.40
0.75
0.94
0.76
0.60
-0.35
-1.28
-2.28
-3.82
-4.96
-6.47
-8.68
-8.89
-9.54
-8.45
-5.54
-3.32
-2.60
-1.92
-1.82
-1.64
-1.61
-1.82
-1.84
-1.69
-1.73
-1.48
-0.65
-0.21
0.52
0.78
1.02
1.35
1.72
2.10
2.34
2.53
2.57
2.54
2.50
2.51
2.49
2.47
2.48
2.46
2.48
2.44
2.42
2.45
2.35
2.24
2.21
2.13
2.26
2.28
2.35
2.38
2.25
2.40
2.29
2.31
2.36
2.40
2.31
2.39
2.43
2.42
2.33
2.21
2.11
1.93
1.78
1.23
0.73
0.35
-0.29
-0.72
-0.93
-0.88
-1.08
-1.06
-0.90
-0.44
-0.34
-0.44
-0.21
-0.29
-0.26
-0.40
-0.39
-0.34
-0.23
-0.28
-0.29
-0.24
-0.43
-0.30
-0.06
0.11
0.19
0.24
0.32
0.70
0.88
0.33
-0.35
-0.89
-2.13
-3.02
-4.61
-5.72
-6.50
-8.01
-8.80
-7.43
-5.36
-3.15
-2.52
-1.73
-1.89
-1.67
-1.86
-1.68
-1.65
-1.70
-1.89
-1.55
-0.51
0.59
1.18
1.13
9999.00
1.25
1.65
1.83
2.09
2.35
2.46
2.50
2.51
2.50
2.49
2.47
2.52
2.55
2.56
2.56
2.52
2.52
2.56
2.54
2.58
2.59
2.53
2.52
2.55
2.57
2.54
2.57
2.62
2.61
2.60
2.59
2.56
2.55
2.53
2.55
2.59
2.55
2.56
2.45
2.38
2.15
2.10
1.73
1.17
0.64
0.16
-0.25
-0.81
-0.94
-1.08
-0.90
-0.61
-0.23
-0.21
-0.15
0.10
0.09
-0.07
-0.11
-0.33
-0.29
-0.39
-0.37
-0.38
-0.56
-0.46
-0.50
-0.42
-0.50
-0.72
-0.74
-0.33
-0.25
0.24
-0.26
-1.05
-1.92
-2.74
-4.29
-5.30
-5.84
-6.22
-5.34
-3.89
-2.27
-1.23
-1.17
-1.12
-1.16
-1.00
-0.91
-1.28
-1.67
-1.71
-1.27
-0.93
-0.19
0.14
0.44
0.87
1.06
1.24
1.66
1.77
1.95
2.15
2.16
2.15
2.16
2.15
2.13
2.16
2.10
2.17
2.20
2.17
2.21
2.24
2.20
2.16
2.15
2.22
2.21
2.26
2.25
2.23
2.31
2.30
2.34
2.17
2.17
2.24
2.23
2.10
2.18
2.14
2.15
2.06
1.99
1.96
1.69
1.13
0.54
0.05
-0.42
-1.12
-1.02
-1.08
-0.89
-0.95
-1.00
-0.98
-1.14
-0.93
-0.35
-0.57
-0.50
-0.57
-0.68
-0.63
-0.59
-0.74
-0.32
-0.28
-0.38
-0.39
-0.16
-0.28
-0.37
-0.19
-0.13
0.35
0.10
0.26
-0.30
-1.35
-2.16
-3.50
-4.36
-6.31
-7.18
-7.44
-8.19
-7.82
-4.04
-3.04
-1.83
-1.62
-1.03
-0.95
-1.10
-1.22
-1.85
-1.75
-1.76
-1.76
-0.77
0.42
0.78
1.28
9999.00
1.90
1.90
1.93
2.14
2.16
2.31
2.35
2.37
2.37
2.36
2.36
2.37
2.31
2.36
2.42
2.48
2.48
2.48
2.48
2.50
2.50
2.52
2.55
2.52
2.57
2.57
2.58
2.61
2.62
2.58
2.57
2.55
2.50
2.49
2.49
2.49
2.50
2.49
2.49
2.45
2.47
2.30
2.35
2.04
1.76
1.31
1.02
0.76
0.78
0.76
0.78
0.81
0.81
0.77
0.36
0.28
0.27
-0.14
-0.21
-0.27
-0.12
-0.37
-0.34
-0.57
-1.03
-0.97
-1.19
-1.07
-1.58
-1.72
-1.71
-1.24
-0.68
-0.25
-0.55
-0.52
-1.09
-1.00
-1.22
-1.55
-1.73
-1.57
-1.06
-0.64
-0.24
-0.12
0.26
0.34
0.28
0.29
0.31
0.36
0.24
0.36
0.36
0.56
0.81
1.07
1.27
1.56
1.65
1.62
1.63
1.85
1.90
1.88
1.91
1.88
1.87
1.86
1.90
1.89
1.94
1.92
1.92
1.95
2.04
2.14
2.08
2.09
2.14
2.13
2.11
2.19
2.24
2.21
2.35
2.39
2.34
2.13
2.14
2.11
2.08
2.15
2.13
2.03
2.14
1.96
1.95
1.92
1.92
1.82
1.50
1.22
0.68
0.53
0.30
0.34
0.31
0.48
0.29
0.37
0.03
-0.26
-0.46
-0.97
-0.94
-0.92
-0.94
-1.02
-1.01
-0.95
-1.07
-0.94
-1.00
-0.94
-1.02
-1.22
-1.40
-1.74
-1.62
-1.70
-1.00
-0.28
-0.20
-0.44
-0.82
-1.55
-2.20
-1.99
-2.65
-2.05
-1.71
-1.40
-0.67
0.00
0.28
0.33
0.37
0.23
0.32
0.30
0.36
0.32
-0.20
0.23
0.62
1.12
1.54
1.66
9999.00
1.91
2.10
2.11
2.15
2.15
2.19
2.22
2.37
2.36
2.36
2.37
2.35
2.37
2.42
2.42
2.47
2.49
2.50
2.50
2.51
2.53
2.54
2.54
2.57
2.58
2.59
2.60
2.63
2.64
2.63
2.59
2.57
2.53
2.49
2.52
2.48
2.49
2.48
2.40
2.36
2.36
2.41
2.43
2.48
2.45
2.35
2.32
2.17
2.15
1.96
1.76
1.64
1.30
1.27
0.93
0.71
0.29
-0.08
0.32
0.29
0.30
-0.24
-0.22
-0.25
-0.35
-1.00
-1.00
-1.10
-0.96
-1.07
-1.27
-1.40
-0.97
-0.92
-0.89
-0.93
-1.04
-0.93
-0.51
-0.33
-0.20
-0.20
-0.37
0.20
0.37
0.23
0.23
0.31
0.47
0.78
0.90
0.90
0.82
0.87
0.77
1.27
1.22
1.36
1.63
1.59
1.61
1.86
1.93
1.92
1.96
2.00
1.95
2.09
2.09
2.15
2.12
2.15
2.19
2.25
2.30
2.31
2.34
2.37
2.35
2.42
2.38
2.48
2.49
2.55
2.57
2.62
2.64
2.65
2.65
2.63
2.57
2.51
2.49
2.43
2.49
2.43
2.44
2.39
2.38
2.39
2.26
2.23
2.34
2.37
2.35
2.17
2.15
1.90
1.86
1.58
1.39
1.20
0.88
0.67
0.38
0.19
0.13
0.06
-0.10
-0.25
-0.33
-0.93
-1.01
-1.05
-0.91
-0.87
-0.91
-1.02
-0.94
-1.37
-1.66
-1.76
-0.94
-0.24
-0.49
-0.23
-0.15
0.16
0.29
0.20
0.29
0.33
0.31
0.17
0.33
0.66
0.74
0.77
0.80
0.99
1.17
1.23
1.23
1.25
1.29
1.22
1.28
1.49
1.67
1.92
9999.00
1.67
1.96
2.08
1.86
2.65
0.76
2.13
2.66
2.22
2.06
2.20
2.37
2.66
2.35
2.16
2.40
2.46
2.37
1.82
2.65
2.50
2.48
2.53
2.56
2.57
2.60
2.63
2.64
2.65
2.65
2.62
2.61
2.58
2.56
2.57
2.54
2.54
2.53
2.46
2.51
2.55
2.55
2.55
2.55
2.58
2.59
2.55
2.46
2.39
2.14
2.09
1.94
1.75
1.62
1.32
1.09
0.85
0.80
0.44
0.55
0.30
0.15
-0.10
-0.48
-0.67
-0.94
-0.99
-0.98
-1.08
-0.96
-0.95
-0.92
-0.98
-0.81
-0.51
-0.42
-0.28
-0.27
-0.50
-0.18
-0.23
-0.22
-0.29
-0.32
-0.37
-0.19
-0.18
0.08
0.20
0.18
0.69
0.81
0.77
0.76
0.83
1.07
1.20
1.20
1.46
1.61
1.63
1.76
1.81
1.91
1.91
1.99
2.01
2.15
2.15
2.17
2.12
2.23
2.30
2.29
2.37
2.37
2.37
2.40
2.43
2.47
2.50
2.49
2.54
2.57
2.62
2.65
2.65
2.62
2.61
2.65
2.64
2.59
2.52
2.48
2.48
2.46
2.44
2.39
2.35
2.26
2.15
2.17
2.12
2.00
1.98
1.91
1.76
1.84
1.60
1.52
1.48
1.28
1.34
0.93
1.05
1.38
1.44
1.35
0.89
0.74
-0.08
-0.31
-0.81
-0.96
-0.90
-0.99
-1.01
-0.90
-1.05
-0.98
-0.90
-0.90
-1.07
-0.27
-0.26
-0.29
-0.30
-0.30
0.16
0.27
0.33
0.29
0.31
0.36
0.61
0.81
0.75
0.86
0.82
0.78
1.28
1.33
1.26
1.28
1.24
1.23
1.38
1.59
1.75
1.90
9999.00
2.09
2.14
2.07
2.15
2.11
2.20
2.27
2.24
2.38
2.37
2.36
2.38
2.39
2.46
2.48
2.50
2.50
2.53
2.52
2.57
2.57
2.57
2.60
2.62
2.64
2.64
2.66
2.65
2.65
2.65
2.66
2.65
2.64
2.62
2.63
2.63
2.58
2.59
2.59
2.56
2.56
2.58
2.58
2.60
2.64
2.66
2.62
2.55
2.47
2.30
2.22
2.08
1.88
1.80
1.64
1.45
1.32
1.26
1.17
1.23
0.97
0.71
0.47
-0.02
-0.42
-1.10
-1.03
-0.94
-0.93
-1.00
-1.03
-0.94
-0.87
-0.37
-0.35
0.23
0.35
0.38
0.22
0.37
0.16
-0.22
-0.27
-0.41
-1.13
-0.98
-0.89
-0.37
-0.35
0.00
0.11
0.24
0.40
0.63
0.84
0.81
1.02
1.22
1.53
1.63
1.76
1.94
1.93
2.13
2.14
2.16
2.26
2.38
2.42
2.39
2.45
2.49
2.42
2.48
2.46
2.44
2.45
2.48
2.54
2.55
2.57
2.59
2.63
2.65
2.65
2.62
2.59
2.79
2.81
2.60
2.61
2.65
2.62
2.62
2.56
2.58
2.53
2.49
2.47
2.42
2.32
2.31
2.26
2.25
2.24
2.24
2.26
2.45
2.30
2.30
2.19
2.07
2.07
2.05
2.01
1.91
1.99
1.86
1.17
0.92
0.30
-0.08
-0.40
-0.93
-0.93
-0.94
-1.00
-0.90
-1.00
-1.05
-0.94
-0.76
-0.36
-0.15
0.00
0.06
0.31
0.38
0.28
0.32
0.25
0.26
0.34
0.38
0.25
0.41
0.86
0.83
0.80
0.89
0.93
1.23
1.18
1.25
1.27
1.27
1.13
1.59
1.82
1.90
9999.00
2.15
2.27
2.36
2.50
2.50
2.48
2.44
2.50
2.53
2.55
2.48
2.52
2.53
2.56
2.53
2.56
2.52
2.60
2.61
2.62
2.63
2.64
2.65
2.66
2.64
2.61
2.59
2.64
2.68
2.65
2.62
2.59
2.60
2.63
2.64
2.64
2.64
2.65
2.66
2.65
2.65
2.64
2.64
2.65
2.64
2.62
2.61
2.64
2.66
2.62
2.61
2.56
2.48
2.22
2.15
2.06
1.83
1.85
1.93
1.97
1.66
1.12
0.39
-0.05
-0.87
-1.78
-1.72
-1.91
-1.65
-1.78
-1.76
-1.98
-1.10
-0.78
-0.42
-0.31
0.25
0.29
0.36
0.36
0.05
-0.25
-0.79
-1.00
-0.93
-1.06
-1.50
-0.99
-0.96
-0.68
-0.28
0.13
0.34
0.29
0.56
0.71
0.80
1.21
1.43
1.64
1.77
1.90
2.02
2.15
2.28
2.32
2.36
2.36
2.44
2.45
2.33
2.40
2.44
2.48
2.52
2.49
2.56
2.58
2.61
2.59
2.65
2.65
2.65
2.65
2.60
2.61
3.29
4.91
6.67
4.46
2.89
2.59
2.59
2.61
2.62
2.60
2.63
2.63
2.61
2.65
2.65
2.65
2.65
2.65
2.64
2.65
2.66
2.60
2.61
2.56
2.35
2.38
2.35
2.30
2.21
2.33
2.13
1.70
1.38
0.40
-0.19
-1.07
-1.69
-1.70
-1.80
-2.21
-1.79
-1.68
-1.76
-1.73
-1.68
-1.75
-0.76
-0.15
0.32
0.27
0.30
0.23
0.34
0.10
-0.21
-0.23
-0.34
-0.43
-0.51
-0.60
-0.34
-0.30
-0.17
0.00
0.48
0.69
0.81
0.57
0.60
0.52
0.84
1.35
1.73
1.92
9999.00
2.34
2.37
2.37
2.38
2.49
2.51
2.42
2.48
2.54
2.53
2.59
2.59
2.58
2.56
2.60
2.57
2.57
2.60
2.63
2.63
2.65
2.66
2.66
2.65
2.65
2.62
2.60
2.61
2.68
2.71
2.66
2.64
2.62
2.63
2.63
2.62
2.67
2.72
2.76
2.72
2.75
2.87
3.08
3.62
5.32
5.00
7.29
6.42
5.78
3.92
3.63
3.11
2.69
2.61
2.61
2.61
2.64
2.66
2.64
2.51
2.24
1.98
1.33
0.90
0.21
-0.10
-0.39
-0.96
-0.91
-1.84
-1.66
-1.51
-1.02
-0.73
-0.34
0.10
0.40
0.37
0.63
0.34
0.30
0.33
-0.26
-0.25
-0.55
-0.83
-0.92
-0.67
-0.59
-0.40
-0.30
0.15
0.29
0.37
0.51
0.84
0.79
1.19
1.40
1.59
1.87
1.92
2.07
2.38
2.40
2.48
2.48
2.49
2.49
2.36
2.28
2.29
2.38
2.47
2.50
2.35
2.27
2.21
2.39
2.34
2.42
2.47
2.48
2.56
2.61
2.65
2.64
2.59
2.60
2.59
2.63
2.65
2.66
2.66
2.65
2.65
2.65
2.64
2.64
2.63
2.64
2.61
2.61
2.59
2.65
2.59
2.59
2.62
2.62
2.59
2.60
2.63
2.65
2.66
2.60
2.53
2.42
2.06
1.70
1.02
0.34
-0.54
-1.07
-1.67
-1.68
-1.72
-2.00
-1.65
-1.69
-2.05
-2.27
-1.49
-0.56
0.21
0.37
0.71
0.86
0.81
0.59
0.33
0.21
0.03
-0.21
-0.31
-0.29
-0.58
-0.40
-0.21
-0.27
-0.37
0.19
0.35
0.32
0.16
0.37
0.28
0.82
1.38
1.85
2.10
9999.00
2.36
2.16
2.23
2.45
2.53
2.51
2.53
2.58
2.61
2.62
2.62
2.62
2.58
2.59
2.58
2.55
2.58
2.57
2.56
2.56
2.58
2.61
2.63
2.64
2.66
2.66
2.66
2.65
2.65
2.63
2.62
2.61
2.60
2.60
2.59
2.62
2.72
2.80
2.94
3.16
3.78
4.79
7.40
10.40
16.08
16.99
19.12
20.83
20.55
22.27
18.60
17.81
15.24
12.00
10.73
8.38
5.28
4.27
3.07
2.63
2.60
2.64
2.65
2.66
2.64
2.55
2.47
2.25
2.03
1.92
1.59
1.28
1.26
1.33
1.22
1.24
1.03
0.89
0.71
0.84
0.88
0.86
0.88
0.89
1.26
1.29
1.59
1.68
1.92
2.12
2.31
2.44
2.49
2.49
2.48
2.49
2.47
2.52
2.62
2.65
2.65
2.62
2.60
2.59
2.59
2.59
2.59
2.61
2.61
2.65
2.65
2.61
2.63
2.62
2.58
2.51
2.55
2.42
2.36
2.22
2.10
2.25
2.26
2.38
2.42
2.45
2.58
2.59
2.63
2.63
2.64
2.65
2.65
2.66
2.65
2.65
2.63
2.61
2.60
2.59
2.62
2.70
2.84
3.17
4.28
6.24
8.31
10.99
11.88
11.31
10.65
7.85
5.86
4.19
3.16
2.81
2.59
2.60
2.65
2.64
2.57
2.47
2.35
2.19
2.17
2.04
1.90
1.87
1.36
1.03
0.51
0.30
0.41
0.82
1.11
1.20
1.21
1.28
1.26
1.23
1.39
1.55
1.61
1.66
1.90
2.13
2.17
2.24
2.18
2.29
2.26
1.96
1.91
1.87
1.76
1.63
1.60
1.78
2.24
2.44
9999.00
2.65
2.66
2.65
2.65
2.65
2.64
2.63
2.65
2.65
2.65
2.65
2.64
2.63
2.61
2.59
2.58
2.54
2.53
2.57
2.58
2.58
2.60
2.63
2.62
2.65
2.65
2.66
2.66
2.66
2.65
2.65
2.63
2.62
2.61
2.59
2.59
2.61
2.62
2.68
2.85
3.12
3.78
4.87
6.69
10.40
13.95
18.62
18.80
20.23
19.17
15.71
14.21
10.93
9.54
6.90
5.31
4.13
2.99
2.64
2.59
2.64
2.66
2.64
2.60
2.52
2.50
2.35
2.20
2.10
1.87
1.86
1.69
1.59
1.41
1.20
0.87
0.80
0.84
0.64
0.36
0.29
0.24
0.36
0.78
1.03
1.60
1.99
2.22
2.40
2.50
2.54
2.63
2.65
2.65
2.63
2.61
2.59
2.60
2.61
2.63
2.65
2.68
2.75
2.74
2.77
2.67
2.62
2.61
2.59
2.59
2.63
2.66
2.65
2.63
2.62
2.60
2.55
2.47
2.36
2.19
2.21
2.15
2.13
2.13
2.30
2.38
2.49
2.54
2.58
2.57
2.59
2.63
2.65
2.66
2.66
2.65
2.63
2.62
2.60
2.59
2.62
2.81
3.18
4.62
7.69
15.90
18.31
19.53
17.09
16.61
16.22
15.06
13.90
11.68
9.09
5.42
4.38
3.28
2.82
2.63
2.60
2.61
2.65
2.65
2.64
2.62
2.58
2.55
2.47
2.36
2.21
2.14
1.88
1.85
1.92
1.93
1.90
1.91
1.95
2.14
2.15
2.15
2.28
2.38
2.50
2.51
2.58
2.62
2.63
2.65
2.65
2.65
2.64
2.65
2.65
2.65
2.65
2.65
2.66
2.65
9999.00
1.38
1.18
1.13
1.16
1.22
1.33
1.58
1.48
1.68
1.94
2.10
2.05
2.01
2.07
1.98
2.15
2.14
2.25
2.37
2.49
2.49
2.56
2.58
2.63
2.63
2.64
2.65
2.66
2.65
2.64
2.63
2.61
2.60
2.59
2.60
2.64
2.66
2.82
2.85
3.13
3.61
4.18
5.26
7.23
10.14
16.70
16.64
17.92
18.92
19.80
16.20
15.94
15.19
11.80
10.07
8.46
7.12
5.64
3.98
3.24
2.78
2.61
2.59
2.62
2.65
2.65
2.63
2.55
2.53
2.44
2.32
2.12
1.92
1.80
1.66
1.33
1.33
1.04
0.83
0.82
0.57
0.55
0.41
0.46
0.88
0.85
0.81
0.80
1.15
1.15
1.35
1.50
1.76
1.92
1.88
2.07
2.38
2.42
2.56
2.56
2.60
2.54
2.55
2.55
2.50
2.47
2.30
2.37
2.20
2.02
1.94
1.64
1.61
1.62
1.93
1.91
1.88
1.72
1.72
1.63
1.94
1.90
1.99
2.13
2.15
2.38
2.48
2.47
2.57
2.58
2.63
2.65
2.66
2.66
2.65
2.63
2.61
2.61
2.59
2.60
2.76
3.03
3.91
5.14
8.84
18.11
19.73
18.63
16.43
16.78
16.90
15.48
15.13
13.80
11.11
8.41
6.83
5.85
4.73
3.43
2.89
2.64
2.59
2.62
2.65
2.64
2.57
2.55
2.43
2.27
2.27
2.21
1.94
1.95
1.79
1.57
1.47
1.24
1.02
0.84
0.81
0.84
0.56
0.35
0.57
0.44
0.56
0.46
0.88
0.54
0.26
0.49
0.75
0.88
0.88
0.78
0.99
0.85
1.29
1.61
9999.00
0.76
0.34
0.35
0.26
0.78
0.81
0.95
0.94
1.04
1.24
1.34
1.30
1.30
1.57
1.61
1.65
1.81
1.91
2.06
2.17
2.37
2.38
2.44
2.53
2.57
2.58
2.62
2.63
2.65
2.66
2.65
2.65
2.64
2.63
2.60
2.59
2.59
2.60
2.63
2.75
2.91
3.06
3.39
3.54
6.56
12.97
15.31
14.85
13.19
11.40
11.62
10.90
9.20
8.70
6.55
5.35
5.15
4.89
3.83
3.03
2.67
2.60
2.63
2.65
2.60
2.57
2.49
2.37
2.21
2.12
1.88
1.73
1.62
1.38
1.24
1.15
0.88
0.73
0.45
0.21
0.26
0.29
0.31
0.36
0.41
0.55
0.80
0.81
0.89
1.24
1.47
1.53
1.83
1.94
2.10
2.28
2.49
2.51
2.58
2.54
2.61
2.60
2.58
2.50
2.48
2.36
2.29
2.17
1.89
1.64
1.64
1.55
1.60
1.59
1.66
1.60
1.61
1.63
1.61
1.63
1.86
1.91
2.12
2.14
2.38
2.34
2.48
2.51
2.58
2.59
2.63
2.64
2.65
2.66
2.65
2.64
2.62
2.62
2.60
2.59
2.60
2.73
2.78
3.25
6.61
10.88
9.90
9.15
6.58
5.90
5.50
5.16
4.77
3.79
3.23
2.88
2.73
2.68
2.59
2.60
2.64
2.66
2.65
2.61
2.59
2.52
2.44
2.36
2.25
2.15
1.91
1.79
1.60
1.58
1.25
0.88
0.90
0.67
0.46
0.31
0.35
0.20
-0.03
-0.08
-0.39
-0.27
-0.35
-0.18
-0.24
-0.16
-0.31
-0.33
0.31
0.24
0.31
0.73
0.91
1.22
1.26
0.99
9999.00
0.49
0.62
0.36
0.62
0.82
0.70
0.85
1.07
1.25
1.10
1.42
1.17
1.57
1.57
1.65
1.74
1.91
1.93
2.12
2.28
2.36
2.39
2.49
2.52
2.56
2.60
2.63
2.65
2.65
2.66
2.65
2.64
2.63
2.62
2.60
2.59
2.59
2.62
2.71
2.84
3.01
3.37
3.90
4.34
8.06
14.55
13.54
11.62
10.32
9.25
7.80
6.01
5.05
4.55
4.51
4.05
4.16
4.00
3.30
2.74
2.59
2.61
2.65
2.65
2.62
2.57
2.50
2.36
2.19
2.11
1.97
1.88
1.71
1.61
1.50
1.23
1.27
1.07
0.84
0.76
0.86
0.79
0.82
0.81
1.05
1.17
1.27
1.50
1.67
1.93
2.12
2.17
2.12
2.26
2.39
2.50
2.55
2.64
2.65
2.63
2.63
2.64
2.57
2.47
2.39
2.17
2.09
2.11
1.94
1.78
1.98
2.10
1.87
1.82
1.75
1.96
1.88
1.94
1.94
2.01
2.11
2.20
2.30
2.39
2.49
2.49
2.56
2.59
2.63
2.62
2.65
2.66
2.66
2.65
2.64
2.63
2.60
2.59
2.61
2.69
2.77
2.97
3.17
4.37
7.92
11.34
10.69
8.94
7.62
6.52
6.00
5.39
5.33
4.43
3.49
3.03
3.05
2.97
2.63
2.59
2.61
2.64
2.66
2.65
2.62
2.58
2.56
2.46
2.41
2.31
2.15
2.00
1.83
1.78
1.47
1.26
1.14
0.85
0.99
0.59
0.56
0.43
0.32
0.31
0.19
0.13
0.08
0.29
0.34
0.26
0.32
0.37
0.24
0.28
0.26
0.24
0.34
0.37
0.74
0.55
9999.00
0.91
1.39
1.58
1.51
0.99
1.19
1.25
1.26
1.20
1.76
1.73
1.92
1.92
1.74
1.86
1.89
1.96
2.04
2.14
2.29
2.37
2.46
2.49
2.50
2.57
2.61
2.63
2.63
2.65
2.66
2.65
2.64
2.62
2.61
2.59
2.59
2.61
2.75
3.01
3.65
4.31
5.33
6.23
8.12
12.92
17.18
16.74
14.15
12.79
11.50
9.77
7.70
6.68
6.18
5.90
5.21
5.37
5.16
4.07
3.12
2.68
2.59
2.61
2.63
2.66
2.64
2.60
2.52
2.44
2.35
2.20
2.15
2.13
2.16
1.92
1.91
1.88
1.65
1.72
1.92
1.91
1.92
1.94
1.95
2.06
2.18
2.40
2.39
2.48
2.55
2.63
2.64
2.65
2.65
2.65
2.66
2.61
2.59
2.59
2.60
2.63
2.63
2.65
2.66
2.65
2.65
2.65
2.63
2.58
2.46
2.42
2.48
2.46
2.26
2.23
2.38
2.46
2.27
2.31
2.35
2.43
2.42
2.49
2.52
2.54
2.56
2.61
2.63
2.65
2.65
2.65
2.66
2.65
2.63
2.61
2.60
2.59
2.60
2.84
3.30
3.65
4.33
5.34
7.58
12.80
15.41
14.88
13.03
11.94
11.21
10.58
9.92
10.12
9.45
6.93
6.29
5.91
5.34
4.28
3.60
3.10
2.71
2.59
2.61
2.65
2.64
2.63
2.57
2.54
2.44
2.31
2.28
2.02
1.89
1.58
1.52
1.42
1.29
1.20
0.78
0.93
1.03
0.82
0.41
0.57
0.82
0.55
0.29
0.78
0.81
0.91
0.84
0.67
0.74
0.67
0.85
0.71
1.09
0.96
1.11
9999.00
5.68
4.36
5.30
3.81
3.14
4.03
4.54
5.29
4.06
3.82
3.83
3.12
2.91
2.94
2.97
2.97
3.03
2.94
2.84
2.67
2.74
2.95
3.00
2.80
2.81
3.01
2.99
3.05
3.02
3.37
3.67
4.04
4.42
4.90
6.46
7.17
8.42
8.65
8.64
9.18
10.07
10.87
12.10
13.37
16.15
20.63
19.07
19.87
18.46
15.88
14.71
13.78
12.95
10.21
11.72
11.13
10.15
8.95
7.80
6.64
4.63
3.80
3.66
3.55
2.99
2.91
2.79
2.70
2.67
2.63
2.60
2.62
2.63
2.61
2.60
2.60
2.61
2.59
2.59
2.59
2.59
2.59
2.59
2.61
2.76
2.97
3.02
2.89
2.75
2.79
2.80
2.74
2.82
2.69
2.64
2.68
3.06
3.50
3.51
2.92
2.68
2.70
2.80
2.84
2.76
2.72
2.73
2.86
2.84
2.74
2.81
2.88
2.73
2.66
2.67
2.80
2.81
2.69
2.64
2.66
2.71
2.74
2.75
2.75
2.75
2.81
2.78
2.76
2.94
3.02
3.19
3.54
3.55
3.87
4.47
4.84
5.92
7.46
9.01
10.13
10.28
10.77
11.94
13.46
19.46
20.12
18.80
19.12
20.10
19.14
18.41
16.26
16.30
14.93
14.38
13.21
12.59
11.73
11.07
10.33
9.79
9.74
8.01
7.09
5.40
4.83
5.24
4.92
4.00
3.86
3.89
3.91
3.30
3.03
2.84
2.85
2.74
2.67
2.72
2.78
2.90
2.78
2.81
3.14
3.11
3.18
2.92
3.15
2.83
2.60
2.59
2.60
2.61
2.95
3.70
3.18
3.50
4.41
5.17
3.81
9999.00
24.27
25.79
24.82
22.57
16.21
19.27
25.53
26.96
26.19
24.99
25.67
23.81
23.70
23.29
23.98
21.77
23.00
21.80
21.04
20.88
21.42
22.78
22.70
22.58
21.04
22.76
22.76
20.94
23.03
21.78
22.91
21.38
20.42
21.77
21.89
22.99
22.91
22.62
23.40
22.61
19.99
22.40
22.57
22.91
22.76
23.04
23.37
23.11
23.23
22.93
22.67
22.64
22.85
22.77
19.87
22.73
22.49
23.00
22.05
19.06
17.59
14.92
13.59
13.60
10.70
10.43
10.27
11.97
13.41
15.42
14.34
15.57
17.67
17.56
15.51
16.53
16.11
16.10
15.06
15.04
16.20
14.27
16.21
15.39
17.78
20.69
19.05
19.42
15.91
17.34
16.09
16.21
16.51
15.97
14.85
14.16
13.98
14.73
17.43
16.97
15.75
16.19
15.58
16.51
15.97
15.25
16.07
16.72
16.22
14.72
16.20
16.58
18.33
16.51
16.87
19.29
19.76
18.62
18.83
17.21
17.64
14.38
16.02
18.04
19.94
20.44
21.05
21.93
20.68
21.86
23.38
21.29
22.20
21.65
21.40
22.63
22.70
22.65
23.14
23.46
22.47
21.87
22.61
23.48
24.06
22.80
24.51
23.70
23.60
23.56
23.92
23.85
22.66
19.77
17.71
18.10
17.02
17.06
16.54
14.71
12.09
15.43
18.13
18.24
18.35
18.32
17.87
19.42
18.25
18.49
18.83
19.47
19.15
19.17
19.72
19.70
20.80
19.45
18.27
19.83
18.96
17.45
17.25
18.15
20.17
19.38
18.88
19.46
19.90
19.97
19.65
20.36
21.26
20.99
20.06
20.63
18.49
18.65
19.35
20.16
9999.00
